57
4
328
613
687
612
687
612
735
611
735
611
770
600
770
600
792
589
792
589
817
574
817
574
847
542
847
542
871
511
871
511
898
453
898
453
908
414
908
414
915
346
915
346
907
283
907
283
892
233
892
233
876
193
876
193
850
156
850
156
824
127
824
127
780
99
780
99
739
84
739
84
276
82
276
82
206
108
206
108
176
128
176
128
142
163
142
163
115
205
115
205
97
260
97
260
85
307
85
307
85
376
85
376
96
439
96
439
116
492
116
492
144
535
144
535
178
570
178
570
227
602
227
602
270
614
328
613
328
613
287
514
701
512
701
512
742
506
742
506
767
492
767
492
793
467
793
467
809
443
809
443
824
410
824
410
831
369
831
369
833
336
833
336
827
294
827
294
814
261
814
261
790
225
790
225
769
202
769
202
744
188
744
188
724
184
724
184
283
183
283
183
254
193
254
193
218
215
218
215
189
257
189
257
176
293
176
293
169
339
169
339
168
387
168
387
183
432
183
432
208
470
208
470
241
498
287
514
287
514
688
520
689
600
821
312
924
313
476
194
482
66
184
400
75
412
